0.000000000000000000e+00 9.821148574085601268e+00 4.000000000000000222e-01
2.020202020202020166e-01 1.115790306646613494e+01 4.352811492978064800e-01
4.040404040404040331e-01 1.162853701798784378e+01 4.803259812314477073e-01
6.060606060606060774e-01 1.252680431994215837e+01 5.345174266830667875e-01
8.080808080808080662e-01 1.247140159577264740e+01 5.970225657141526865e-01
1.010101010101010166e+00 1.410602325840804738e+01 6.669880159119095930e-01
1.212121212121212155e+00 1.569263365561019441e+01 7.436389306071606864e-01
1.414141414141414144e+00 1.555839286932776844e+01 8.263124425405711238e-01
1.616161616161616132e+00 1.718315086600878416e+01 9.144571972545245675e-01
1.818181818181818121e+00 1.883287988776543997e+01 1.007619357369813784e+00
2.020202020202020332e+00 1.871518464596827513e+01 1.105425454472945601e+00
2.222222222222222321e+00 2.190676001226930936e+01 1.207566451692730913e+00
2.424242424242424310e+00 2.439122748423002918e+01 1.313784396470595306e+00
2.626262626262626299e+00 2.376841562568944610e+01 1.423861763780566170e+00
2.828282828282828287e+00 2.695856316427921939e+01 1.537613134889903144e+00
3.030303030303030276e+00 2.620725366049345340e+01 1.654878757670979805e+00
3.232323232323232265e+00 2.982080400921762120e+01 1.775519570115310808e+00
3.434343434343434254e+00 2.892964604026572317e+01 1.899413343086092221e+00
3.636363636363636243e+00 3.583654489836234092e+01 2.026451673782478480e+00
3.838383838383838231e+00 3.697900600768983281e+01 2.156537625501005806e+00
4.040404040404040664e+00 3.788251853375968636e+01 2.289583859888668638e+00
4.242424242424242209e+00 3.797720144609317572e+01 2.425511146429021991e+00
4.444444444444444642e+00 4.492737187044031799e+01 2.564247162747735231e+00
4.646464646464646187e+00 4.954747336577451478e+01 2.705725520739293177e+00
4.848484848484848619e+00 4.122309502233362366e+01 2.849884969381017541e+00
5.050505050505050164e+00 5.105942566789104831e+01 2.996668736868269622e+00
5.252525252525252597e+00 5.539652817815883168e+01 3.146023983464126594e+00
5.454545454545454142e+00 5.349736815368840581e+01 3.297901343008820874e+00
5.656565656565656575e+00 4.973297086964283409e+01 3.452254535963338089e+00
5.858585858585858119e+00 5.822222599542294574e+01 3.609040040593030962e+00
6.060606060606060552e+00 5.695204604041149565e+01 3.768216811740586092e+00
6.262626262626262097e+00 5.652851497593964325e+01 3.929746038818977993e+00
6.464646464646464530e+00 5.526033026828627470e+01 4.093590936339759345e+00
6.666666666666666963e+00 6.377054484942662782e+01 4.259716561601861962e+00
6.868686868686868507e+00 6.702345809523042419e+01 4.428089655191280727e+00
7.070707070707070940e+00 6.198636261414468862e+01 4.598678500749498355e+00
7.272727272727272485e+00 6.768771947689928936e+01 4.771452801108706510e+00
7.474747474747474918e+00 6.103114554319901686e+01 4.946383568402426434e+00
7.676767676767676463e+00 7.062839521735797632e+01 5.123443026169800518e+00
7.878787878787878896e+00 6.835956285687318257e+01 5.302604521802424031e+00
8.080808080808081328e+00 6.707454182846279878e+01 5.483842447950913801e+00
8.282828282828281985e+00 6.758614702380026529e+01 5.667132171727273793e+00
8.484848484848484418e+00 7.328032391389972133e+01 5.852449970718733852e+00
8.686868686868686851e+00 7.314560442846448041e+01 6.039772974976672870e+00
8.888888888888889284e+00 7.150055299146963250e+01 6.229079114266970585e+00
9.090909090909089940e+00 6.842468795055842179e+01 6.420347069970051557e+00
9.292929292929292373e+00 6.707696916461051728e+01 6.613556231104320560e+00
9.494949494949494806e+00 6.980549787501094272e+01 6.808686654018259787e+00
9.696969696969697239e+00 6.653439226403442319e+01 7.005719025356913932e+00
9.898989898989899672e+00 6.828699452722230490e+01 7.204634627959649151e+00
1.010101010101010033e+01 6.003746551321477654e+01 7.405415309389526080e+00
1.030303030303030276e+01 4.158549000378660310e+01 7.608043452831774189e+00
1.050505050505050519e+01 6.471624988372306575e+01 7.812501950130593897e+00
1.070707070707070763e+01 7.501247592031451461e+01 8.018774176760844696e+00
1.090909090909090828e+01 6.020828025908621584e+01 8.226843968554719666e+00
1.111111111111111072e+01 5.228119585169139327e+01 8.436695600023879749e+00
1.131313131313131315e+01 4.936149800901004880e+01 8.648313764135179937e+00
1.151515151515151558e+01 4.725580362414530811e+01 8.861683553413559622e+00
1.171717171717171624e+01 4.622458819994580637e+01 9.076790442259063951e+00
1.191919191919191867e+01 3.352614478610703941e+01 9.293620270376742099e+00
1.212121212121212110e+01 3.560174963212203636e+01 9.512159227228504932e+00
1.232323232323232354e+01 2.908128466085367592e+01 9.732393837425112437e+00
1.252525252525252419e+01 3.838515740515055796e+01 9.954310946984492148e+00
1.272727272727272663e+01 3.186412606260106628e+01 1.017789771038968283e+01
1.292929292929292906e+01 3.715463616568496974e+01 1.040314157838597531e+01
1.313131313131313149e+01 2.878899891756451623e+01 1.063003028646249426e+01
1.333333333333333393e+01 3.839527330477094580e+01 1.085855184396833728e+01
1.353535353535353458e+01 2.927146434874764935e+01 1.108869452381794041e+01
1.373737373737373701e+01 4.869260595078158360e+01 1.132044685274426143e+01
1.393939393939393945e+01 2.559912336988286796e+00 1.155379760206195527e+01
1.414141414141414188e+01 1.010700943840163113e+01 1.178873577890596280e+01
1.434343434343434254e+01 2.816403719801034100e+01 1.202525061791372174e+01
1.454545454545454497e+01 4.843458565587374665e+01 1.226333157332195611e+01
1.474747474747474740e+01 1.497230267686501648e+01 1.250296831145116627e+01
1.494949494949494984e+01 1.363675114303551439e+01 1.274415070355325952e+01
1.515151515151515049e+01 9.148619785138778937e+00 1.298686881899952716e+01
1.535353535353535293e+01 2.795694539711703186e+01 1.323111291878803897e+01
1.555555555555555536e+01 7.495030078948354380e+00 1.347687344935099496e+01
1.575757575757575779e+01 1.734376304856724005e+01 1.372414103664415741e+01
1.595959595959595845e+01 3.966791029862086759e+00 1.397290648050172379e+01
1.616161616161616266e+01 -1.191401008966085584e+01 1.422316074924117579e+01
1.636363636363636331e+01 8.395121781589750753e+00 1.447489497450379226e+01
1.656565656565656397e+01 1.282952011998040298e+01 1.472810044631758686e+01
1.676767676767676818e+01 2.436530191672997248e+01 1.498276860837016677e+01
1.696969696969696884e+01 4.044973834552031633e+00 1.523889105348002815e+01
1.717171717171717304e+01 -6.476063122144356754e+00 1.549645951925555032e+01
1.737373737373737370e+01 1.059542672541638986e+01 1.575546588393156000e+01
1.757575757575757436e+01 7.086508426515248260e+00 1.601590216237417863e+01
1.777777777777777857e+01 6.928090960802401277e+00 1.627776050224507998e+01
1.797979797979797922e+01 9.426742797200240442e-01 1.654103318031698322e+01
1.818181818181817988e+01 2.068952085791932660e+01 1.680571259893273250e+01
1.838383838383838409e+01 9.447743812795586393e+00 1.707179128260063550e+01
1.858585858585858475e+01 3.448526609358688688e+01 1.733926187471938718e+01
1.878787878787878896e+01 2.365013390310516428e+01 1.760811713442619819e+01
1.898989898989898961e+01 1.439151607542671130e+01 1.787834993356208102e+01
1.919191919191919027e+01 -2.763458878951720976e+01 1.814995325374881574e+01
1.939393939393939448e+01 8.477242709874348137e+00 1.842292018357212413e+01
1.959595959595959513e+01 9.316294878213945196e+00 1.869724391586624179e+01
1.979797979797979934e+01 1.640568476644067886e+01 1.897291774509507434e+01
2.000000000000000000e+01 2.181083207481568920e+01 1.924993506482554650e+01
