0.000000000000000000e+00 1.324869072732648334e+01 1.999999999999999778e+00
2.020202020202020166e-01 9.675850242351607733e+00 2.176405746489032289e+00
4.040404040404040331e-01 9.967320246604270295e+00 2.401629906157238370e+00
6.060606060606060774e-01 9.196066741810664524e+00 2.672587133415333938e+00
8.080808080808080662e-01 1.533848721361062317e+01 2.985112828570762655e+00
1.010101010101010166e+00 6.728855274476001291e+00 3.334940079559547410e+00
1.212121212121212155e+00 2.074222882234350607e+01 3.718194653035803210e+00
1.414141414141414144e+00 1.390309329861240251e+01 4.131562212702855064e+00
1.616161616161616132e+00 1.865734586915328563e+01 4.572285986272622615e+00
1.818181818181818121e+00 1.780424236377384162e+01 5.038096786849068032e+00
2.020202020202020332e+00 2.822017478604946916e+01 5.527127272364727339e+00
2.222222222222222321e+00 1.034433746915425800e+01 6.037832258463653901e+00
2.424242424242424310e+00 1.996842105750813445e+01 6.568921982352975419e+00
2.626262626262626299e+00 2.217565037141544337e+01 7.119308818902831071e+00
2.828282828282828287e+00 3.528031846297953678e+01 7.688065674449515718e+00
3.030303030303030276e+00 2.065677760019527653e+01 8.274393788354897694e+00
3.232323232323232265e+00 2.821284266485285031e+01 8.877597850576552929e+00
3.434343434343434254e+00 2.428905993517243544e+01 9.497066715430459993e+00
3.636363636363636243e+00 3.439193320420327638e+01 1.013225836891239240e+01
3.838383838383838231e+00 4.334856738805969201e+01 1.078268812750502725e+01
4.040404040404040664e+00 2.745007589262356618e+01 1.144791929944334186e+01
4.242424242424242209e+00 5.412335510404719230e+01 1.212755573214510996e+01
4.444444444444444642e+00 5.703391857978337498e+01 1.282123581373867438e+01
4.646464646464646187e+00 5.451674536465757370e+01 1.352862760369646367e+01
4.848484848484848619e+00 6.254747014148594531e+01 1.424942484690508770e+01
5.050505050505050164e+00 4.280369440900175704e+01 1.498334368434134767e+01
5.252525252525252597e+00 5.126822702617001681e+01 1.573011991732063208e+01
5.454545454545454142e+00 4.139283255571194786e+01 1.648950671504410082e+01
5.656565656565656575e+00 5.343803820552935235e+01 1.726127267981668822e+01
5.858585858585858119e+00 7.144224118405539059e+01 1.804520020296515170e+01
6.060606060606060552e+00 5.321242717887073326e+01 1.884108405870292913e+01
6.262626262626262097e+00 5.883520974843544593e+01 1.964873019409488819e+01
6.464646464646464530e+00 5.593931290045693316e+01 2.046795468169879229e+01
6.666666666666666963e+00 5.415985443432984425e+01 2.129858280800930714e+01
6.868686868686868507e+00 5.965790965210234731e+01 2.214044827595640186e+01
7.070707070707070940e+00 7.725089535261410845e+01 2.299339250374748644e+01
7.272727272727272485e+00 5.528116686548182912e+01 2.385726400554353077e+01
7.474747474747474918e+00 8.752861231703397493e+01 2.473191784201213039e+01
7.676767676767676463e+00 1.301060940563574491e+02 2.561721513084899726e+01
7.878787878787878896e+00 1.138017729383763879e+02 2.651302260901211838e+01
8.080808080808081328e+00 8.915837555547430782e+01 2.741921223975456456e+01
8.282828282828281985e+00 6.924471585824633735e+01 2.833566085863636630e+01
8.484848484848484418e+00 7.283693257698169532e+01 2.926224985359366570e+01
8.686868686868686851e+00 1.480760484434628950e+02 3.019886487488336257e+01
8.888888888888889284e+00 1.085544928382361007e+02 3.114539557133485204e+01
9.090909090909089940e+00 8.357853700750011683e+01 3.210173534985025157e+01
9.292929292929292373e+00 1.098805005648359128e+02 3.306778115552160102e+01
9.494949494949494806e+00 1.793344763733487639e+02 3.404343327009129894e+01
9.696969696969697239e+00 1.208141721972143756e+02 3.502859512678456611e+01
9.898989898989899672e+00 1.333307499455854384e+02 3.602317313979824576e+01
1.010101010101010033e+01 1.255185338592817175e+02 3.702707654694762596e+01
1.030303030303030276e+01 1.012072899100560051e+02 3.804021726415886917e+01
1.050505050505050519e+01 6.866564703242045198e+01 3.906250975065296416e+01
1.070707070707070763e+01 9.680046281282250220e+01 4.009387088380421460e+01
1.090909090909090828e+01 1.060565490409450433e+02 4.113421984277358945e+01
1.111111111111111072e+01 1.403124480206482758e+02 4.218347800011939341e+01
1.131313131313131315e+01 1.555641583346079528e+02 4.324156882067589436e+01
1.151515151515151558e+01 1.618555796044658450e+02 4.430841776706779456e+01
1.171717171717171624e+01 1.341779105693150029e+02 4.538395221129531620e+01
1.191919191919191867e+01 1.590629536521388729e+02 4.646810135188371049e+01
1.212121212121212110e+01 8.491958523354333011e+01 4.756079613614252111e+01
1.232323232323232354e+01 1.727442110477134634e+02 4.866196918712555686e+01
1.252525252525252419e+01 1.466434450090883672e+02 4.977155473492245363e+01
1.272727272727272663e+01 1.015206144634646819e+02 5.088948855194840348e+01
1.292929292929292906e+01 1.365449546290984699e+02 5.201570789192986410e+01
1.313131313131313149e+01 1.100880814316391252e+02 5.315015143231246242e+01
1.333333333333333393e+01 1.706708522016093923e+02 5.429275921984168463e+01
1.353535353535353458e+01 1.984120812355023986e+02 5.544347261908969671e+01
1.373737373737373701e+01 2.381510667886539068e+02 5.660223426372130007e+01
1.393939393939393945e+01 3.684922452540364191e+01 5.776898801030977637e+01
1.414141414141414188e+01 9.319522867584424830e+00 5.894367889452981046e+01
1.434343434343434254e+01 6.110202571297907781e+01 6.012625308956860692e+01
1.454545454545454497e+01 1.042606024652014014e+02 6.131665786660978057e+01
1.474747474747474740e+01 1.505925513309429391e+02 6.251484155725582781e+01
1.494949494949494984e+01 1.180933139233191298e+02 6.372075351776629049e+01
1.515151515151515049e+01 -3.882676798743526092e+01 6.493434409499762694e+01
1.535353535353535293e+01 5.336363031966580195e+01 6.615556459394018418e+01
1.555555555555555536e+01 1.375357208346992479e+02 6.738436724675496237e+01
1.575757575757575779e+01 1.025960102599541415e+02 6.862070518322077817e+01
1.595959595959595845e+01 1.327894649988025151e+02 6.986453240250861541e+01
1.616161616161616266e+01 6.491568315679953116e+01 7.111580374620587008e+01
1.636363636363636331e+01 5.609684264800485920e+01 7.237447487251895950e+01
1.656565656565656397e+01 8.131105707644827874e+01 7.364050223158793074e+01
1.676767676767676818e+01 9.805203818984384156e+01 7.491384304185082499e+01
1.696969696969696884e+01 8.122290815795541619e+01 7.619445526740013008e+01
1.717171717171717304e+01 7.075349470604496105e+01 7.748229759627774627e+01
1.737373737373737370e+01 5.426097551979673028e+00 7.877732941965778934e+01
1.757575757575757436e+01 7.878646437008076475e+01 8.007951081187088960e+01
1.777777777777777857e+01 6.415635112944586638e+01 8.138880251122539278e+01
1.797979797979797922e+01 1.423132064539265969e+02 8.270516590158491965e+01
1.818181818181817988e+01 1.553513751428588989e+02 8.402856299466364476e+01
1.838383838383838409e+01 6.887921956444029092e+01 8.535895641300317038e+01
1.858585858585858475e+01 9.476692017997283557e+00 8.669630937359693235e+01
1.878787878787878896e+01 -2.158853053750543438e+01 8.804058567213097319e+01
1.898989898989898961e+01 6.714192475373064894e+01 8.939174966781040155e+01
1.919191919191919027e+01 4.368542457486130104e+01 9.074976626874406804e+01
1.939393939393939448e+01 -2.401617312787820424e-01 9.211460091786061355e+01
1.959595959595959513e+01 2.919545917570836124e+01 9.348621957933120541e+01
1.979797979797979934e+01 -3.181920327698757589e+01 9.486458872547535748e+01
2.000000000000000000e+01 8.514214404060714969e+01 9.624967532412772186e+01
